0.000045 0.000091
0.000048 0.000097
0.000051 0.000103
0.000055 0.000110
0.000058 0.000117
0.000062 0.000124
0.000066 0.000132
0.000070 0.000141
0.000075 0.000150
0.000080 0.000159
0.000085 0.000170
0.000090 0.000181
0.000096 0.000192
0.000102 0.000205
0.000109 0.000218
0.000116 0.000232
0.000123 0.000247
0.000131 0.000263
0.000140 0.000280
0.000149 0.000298
0.000158 0.000317
0.000169 0.000337
0.000180 0.000359
0.000191 0.000382
0.000203 0.000407
0.000217 0.000433
0.000231 0.000461
0.000245 0.000491
0.000261 0.000522
0.000278 0.000556
0.000296 0.000592
0.000315 0.000630
0.000335 0.000671
0.000357 0.000714
0.000380 0.000760
0.000405 0.000809
0.000431 0.000861
0.000459 0.000917
0.000488 0.000976
0.000520 0.001039
0.000553 0.001106
0.000589 0.001177
0.000627 0.001253
0.000667 0.001333
0.000710 0.001419
0.000756 0.001511
0.000805 0.001608
0.000857 0.001712
0.000912 0.001822
0.000971 0.001939
0.001033 0.002064
0.001100 0.002197
0.001171 0.002339
0.001246 0.002490
0.001327 0.002650
0.001412 0.002821
0.001503 0.003002
0.001600 0.003196
0.001704 0.003401
0.001813 0.003620
0.001930 0.003853
0.002055 0.004101
0.002187 0.004365
0.002329 0.004646
0.002479 0.004945
0.002639 0.005263
0.002809 0.005602
0.002990 0.005962
0.003183 0.006345
0.003388 0.006753
0.003607 0.007187
0.003839 0.007649
0.004087 0.008140
0.004350 0.008663
0.004631 0.009219
0.004930 0.009811
0.005248 0.010440
0.005586 0.011110
0.005946 0.011822
0.006330 0.012580
0.006738 0.013385
0.007173 0.014242
0.007635 0.015154
0.008128 0.016123
0.008652 0.017154
0.009210 0.018250
0.009804 0.019416
0.010436 0.020655
0.011109 0.021973
0.011825 0.023373
0.012588 0.024861
0.013400 0.026443
0.014264 0.028124
0.015184 0.029911
0.016163 0.031809
0.017206 0.033825
0.018316 0.035966
0.019497 0.038241
0.020754 0.040656
0.022093 0.043220
0.023518 0.045942
0.025035 0.048831
0.026649 0.051897
0.028368 0.055149
0.030197 0.058598
0.032145 0.062256
0.034218 0.066134
0.036425 0.070244
0.038774 0.074599
0.041275 0.079212
0.043937 0.084096
0.046771 0.089267
0.049787 0.094738
0.052998 0.100525
0.056416 0.106643
0.060055 0.113108
0.063928 0.119938
0.068051 0.127148
0.072440 0.134755
0.077112 0.142778
0.082085 0.151232
0.087379 0.160136
0.093014 0.169506
0.099013 0.179359
0.105399 0.189711
0.112197 0.200578
0.119433 0.211975
0.127136 0.223915
0.135335 0.236410
0.144064 0.249470
0.153355 0.263103
0.163246 0.277316
0.173774 0.292109
0.184981 0.307483
0.196912 0.323432
0.209611 0.339947
0.223130 0.357013
0.237521 0.374608
0.252840 0.392706
0.269146 0.411272
0.286505 0.430263
0.304983 0.449627
0.324652 0.469303
0.345591 0.489219
0.367879 0.509292
0.391606 0.529427
0.416862 0.549517
0.443747 0.569441
0.472367 0.589064
0.502832 0.608240
0.535261 0.626808
0.569783 0.644593
0.606531 0.661408
0.645649 0.677055
0.687289 0.691327
0.731616 0.704005
0.778801 0.714870
0.829029 0.723697
0.882497 0.730263
0.939413 0.734352
1.000000 0.735759
1.064494 0.734293
1.133148 0.729788
1.206230 0.722106
1.284025 0.711145
1.366838 0.696846
1.454991 0.679197
1.548830 0.658242
1.648721 0.634084
1.755055 0.606890
1.868246 0.576893
1.988737 0.544390
2.117000 0.509741
2.253535 0.473366
2.398875 0.435733
2.553589 0.397349
2.718282 0.358749
2.893596 0.320476
3.080217 0.283068
3.278874 0.247035
3.490343 0.212844
3.715451 0.180901
3.955077 0.151536
4.210157 0.124991
4.481689 0.101414
4.770733 0.080855
5.078419 0.063274
5.405949 0.048543
5.754603 0.036463
6.125743 0.026780
6.520819 0.019203
6.941376 0.013424
7.389056 0.009132
7.865609 0.006036
8.372897 0.003869
8.912903 0.002400
9.487736 0.001438
10.099642 0.000830
10.751013 0.000461
11.444394 0.000245
12.182494 0.000125
12.968197 0.000061
13.804574 0.000028
14.694893 0.000012
15.642632 0.000005
16.651495 0.000002
17.725424 0.000001
18.868616 0.000000
20.085537 0.000000
21.380943 0.000000
22.759895 0.000000
24.227782 0.000000
25.790340 0.000000
27.453674 0.000000
29.224284 0.000000
31.109088 0.000000
33.115452 0.000000
35.251215 0.000000
37.524723 0.000000
39.944860 0.000000
42.521082 0.000000
45.263456 0.000000
48.182698 0.000000
51.290215 0.000000
54.598150 0.000000
58.119428 0.000000
61.867809 0.000000
65.857940 0.000000
70.105412 0.000000
74.626823 0.000000
79.439840 0.000000
84.563269 0.000000
90.017131 0.000000
95.822737 0.000000
102.002773 0.000000
108.581387 0.000000
115.584285 0.000000
123.038830 0.000000
130.974153 0.000000
139.421260 0.000000
148.413159 0.000000
157.984985 0.000000
168.174142 0.000000
179.020442 0.000000
190.566268 0.000000
202.856737 0.000000
215.939872 0.000000
229.866798 0.000000
244.691932 0.000000
260.473206 0.000000
277.272285 0.000000
295.154810 0.000000
314.190660 0.000000
334.454217 0.000000
356.024661 0.000000
378.986279 0.000000

0.000045 0.000032
0.000048 0.000034
0.000051 0.000036
0.000055 0.000039
0.000058 0.000041
0.000062 0.000044
0.000066 0.000047
0.000070 0.000050
0.000075 0.000053
0.000080 0.000056
0.000085 0.000060
0.000090 0.000064
0.000096 0.000068
0.000102 0.000072
0.000109 0.000077
0.000116 0.000082
0.000123 0.000087
0.000131 0.000093
0.000140 0.000099
0.000149 0.000105
0.000158 0.000112
0.000169 0.000119
0.000180 0.000127
0.000191 0.000135
0.000203 0.000144
0.000217 0.000153
0.000231 0.000163
0.000245 0.000173
0.000261 0.000185
0.000278 0.000197
0.000296 0.000209
0.000315 0.000223
0.000335 0.000237
0.000357 0.000252
0.000380 0.000269
0.000405 0.000286
0.000431 0.000304
0.000459 0.000324
0.000488 0.000345
0.000520 0.000367
0.000553 0.000391
0.000589 0.000416
0.000627 0.000443
0.000667 0.000471
0.000710 0.000502
0.000756 0.000534
0.000805 0.000569
0.000857 0.000605
0.000912 0.000644
0.000971 0.000686
0.001033 0.000730
0.001100 0.000777
0.001171 0.000827
0.001246 0.000880
0.001327 0.000937
0.001412 0.000997
0.001503 0.001061
0.001600 0.001130
0.001704 0.001203
0.001813 0.001280
0.001930 0.001362
0.002055 0.001450
0.002187 0.001543
0.002329 0.001643
0.002479 0.001748
0.002639 0.001861
0.002809 0.001981
0.002990 0.002108
0.003183 0.002243
0.003388 0.002388
0.003607 0.002541
0.003839 0.002704
0.004087 0.002878
0.004350 0.003063
0.004631 0.003259
0.004930 0.003469
0.005248 0.003691
0.005586 0.003928
0.005946 0.004180
0.006330 0.004448
0.006738 0.004732
0.007173 0.005035
0.007635 0.005358
0.008128 0.005700
0.008652 0.006065
0.009210 0.006452
0.009804 0.006864
0.010436 0.007303
0.011109 0.007768
0.011825 0.008263
0.012588 0.008790
0.013400 0.009349
0.014264 0.009943
0.015184 0.010575
0.016163 0.011246
0.017206 0.011958
0.018316 0.012715
0.019497 0.013519
0.020754 0.014373
0.022093 0.015280
0.023518 0.016242
0.025035 0.017263
0.026649 0.018347
0.028368 0.019496
0.030197 0.020715
0.032145 0.022008
0.034218 0.023378
0.036425 0.024831
0.038774 0.026370
0.041275 0.028000
0.043937 0.029725
0.046771 0.031552
0.049787 0.033484
0.052998 0.035528
0.056416 0.037689
0.060055 0.039971
0.063928 0.042382
0.068051 0.044927
0.072440 0.047611
0.077112 0.050441
0.082085 0.053422
0.087379 0.056561
0.093014 0.059862
0.099013 0.063332
0.105399 0.066976
0.112197 0.070799
0.119433 0.074805
0.127136 0.078999
0.135335 0.083383
0.144064 0.087961
0.153355 0.092733
0.163246 0.097701
0.173774 0.102863
0.184981 0.108217
0.196912 0.113758
0.209611 0.119481
0.223130 0.125376
0.237521 0.131432
0.252840 0.137635
0.269146 0.143965
0.286505 0.150402
0.304983 0.156919
0.324652 0.163486
0.345591 0.170065
0.367879 0.176615
0.391606 0.183087
0.416862 0.189428
0.443747 0.195574
0.472367 0.201455
0.502832 0.206994
0.535261 0.212104
0.569783 0.216689
0.606531 0.220646
0.645649 0.223862
0.687289 0.226214
0.731616 0.227572
0.778801 0.227799
0.829029 0.226750
0.882497 0.224276
0.939413 0.220224
1.000000 0.214440
1.064494 0.206772
1.133148 0.197072
1.206230 0.185203
1.284025 0.171042
1.366838 0.154483
1.454991 0.135447
1.548830 0.113887
1.648721 0.089792
1.755055 0.063199
1.868246 0.034196
1.988737 0.002930
2.117000 -0.030385
2.253535 -0.065464
2.398875 -0.101950
2.553589 -0.139407
2.718282 -0.177327
2.893596 -0.215127
3.080217 -0.252165
3.278874 -0.287745
3.490343 -0.321137
3.715451 -0.351596
3.955077 -0.378390
4.210157 -0.400823
4.481689 -0.418271
4.770733 -0.430213
5.078419 -0.436262
5.405949 -0.436193
5.754603 -0.429971
6.125743 -0.417762
6.520819 -0.399943
6.941376 -0.377094
7.389056 -0.349982
7.865609 -0.319526
8.372897 -0.286759
8.912903 -0.252768
9.487736 -0.218641
10.099642 -0.185402
10.751013 -0.153959
11.444394 -0.125054
12.182494 -0.099230
12.968197 -0.076816
13.804574 -0.057928
14.694893 -0.042489
15.642632 -0.030262
16.651495 -0.020890
17.725424 -0.013951
18.868616 -0.008995
20.085537 -0.005586
21.380943 -0.003334
22.759895 -0.001908
24.227782 -0.001044
25.790340 -0.000545
27.453674 -0.000270
29.224284 -0.000127
31.109088 -0.000056
33.115452 -0.000024
35.251215 -0.000009
37.524723 -0.000003
39.944860 -0.000001
42.521082 0.000000
45.263456 0.000000
48.182698 0.000000
51.290215 0.000000
54.598150 0.000000
58.119428 0.000000
61.867809 0.000000
65.857940 0.000000
70.105412 0.000000
74.626823 0.000000
79.439840 0.000000
84.563269 0.000000
90.017131 0.000000
95.822737 0.000000
102.002773 0.000000
108.581387 0.000000
115.584285 0.000000
123.038830 0.000000
130.974153 0.000000
139.421260 0.000000
148.413159 0.000000
157.984985 0.000000
168.174142 0.000000
179.020442 0.000000
190.566268 0.000000
202.856737 0.000000
215.939872 0.000000
229.866798 0.000000
244.691932 0.000000
260.473206 0.000000
277.272285 0.000000
295.154810 0.000000
314.190660 0.000000
334.454217 0.000000
356.024661 0.000000
378.986279 0.000000

0.000045 0.000000
0.000048 0.000000
0.000051 0.000000
0.000055 0.000000
0.000058 0.000000
0.000062 0.000000
0.000066 0.000000
0.000070 0.000000
0.000075 0.000000
0.000080 0.000000
0.000085 0.000000
0.000090 0.000000
0.000096 0.000000
0.000102 0.000000
0.000109 0.000000
0.000116 0.000000
0.000123 0.000000
0.000131 0.000000
0.000140 0.000000
0.000149 0.000000
0.000158 0.000000
0.000169 0.000000
0.000180 0.000000
0.000191 0.000000
0.000203 0.000000
0.000217 0.000000
0.000231 0.000000
0.000245 0.000000
0.000261 0.000000
0.000278 0.000000
0.000296 0.000000
0.000315 0.000000
0.000335 0.000000
0.000357 0.000000
0.000380 0.000000
0.000405 0.000000
0.000431 0.000000
0.000459 0.000000
0.000488 0.000000
0.000520 0.000000
0.000553 0.000000
0.000589 0.000000
0.000627 0.000000
0.000667 0.000000
0.000710 0.000000
0.000756 0.000000
0.000805 0.000000
0.000857 0.000000
0.000912 0.000000
0.000971 0.000000
0.001033 0.000000
0.001100 0.000000
0.001171 0.000000
0.001246 0.000000
0.001327 0.000000
0.001412 0.000000
0.001503 0.000000
0.001600 0.000001
0.001704 0.000001
0.001813 0.000001
0.001930 0.000001
0.002055 0.000001
0.002187 0.000001
0.002329 0.000001
0.002479 0.000001
0.002639 0.000001
0.002809 0.000002
0.002990 0.000002
0.003183 0.000002
0.003388 0.000002
0.003607 0.000003
0.003839 0.000003
0.004087 0.000003
0.004350 0.000004
0.004631 0.000004
0.004930 0.000005
0.005248 0.000006
0.005586 0.000006
0.005946 0.000007
0.006330 0.000008
0.006738 0.000009
0.007173 0.000010
0.007635 0.000012
0.008128 0.000013
0.008652 0.000015
0.009210 0.000017
0.009804 0.000020
0.010436 0.000022
0.011109 0.000025
0.011825 0.000028
0.012588 0.000032
0.013400 0.000036
0.014264 0.000041
0.015184 0.000047
0.016163 0.000053
0.017206 0.000060
0.018316 0.000068
0.019497 0.000077
0.020754 0.000087
0.022093 0.000099
0.023518 0.000112
0.025035 0.000126
0.026649 0.000143
0.028368 0.000162
0.030197 0.000183
0.032145 0.000208
0.034218 0.000235
0.036425 0.000266
0.038774 0.000301
0.041275 0.000341
0.043937 0.000385
0.046771 0.000436
0.049787 0.000494
0.052998 0.000558
0.056416 0.000632
0.060055 0.000714
0.063928 0.000808
0.068051 0.000914
0.072440 0.001033
0.077112 0.001168
0.082085 0.001320
0.087379 0.001492
0.093014 0.001686
0.099013 0.001904
0.105399 0.002151
0.112197 0.002429
0.119433 0.002743
0.127136 0.003096
0.135335 0.003494
0.144064 0.003942
0.153355 0.004446
0.163246 0.005013
0.173774 0.005651
0.184981 0.006368
0.196912 0.007173
0.209611 0.008076
0.223130 0.009090
0.237521 0.010226
0.252840 0.011500
0.269146 0.012925
0.286505 0.014519
0.304983 0.016301
0.324652 0.018291
0.345591 0.020510
0.367879 0.022984
0.391606 0.025737
0.416862 0.028798
0.443747 0.032196
0.472367 0.035965
0.502832 0.040137
0.535261 0.044750
0.569783 0.049841
0.606531 0.055449
0.645649 0.061615
0.687289 0.068380
0.731616 0.075786
0.778801 0.083875
0.829029 0.092685
0.882497 0.102256
0.939413 0.112620
1.000000 0.123807
1.064494 0.135840
1.133148 0.148733
1.206230 0.162489
1.284025 0.177100
1.366838 0.192540
1.454991 0.208769
1.548830 0.225723
1.648721 0.243317
1.755055 0.261438
1.868246 0.279948
1.988737 0.298675
2.117000 0.317420
2.253535 0.335949
2.398875 0.353997
2.553589 0.371271
2.718282 0.387449
2.893596 0.402191
3.080217 0.415141
3.278874 0.425936
3.490343 0.434222
3.715451 0.439660
3.955077 0.441947
4.210157 0.440826
4.481689 0.436105
4.770733 0.427675
5.078419 0.415516
5.405949 0.399717
5.754603 0.380478
6.125743 0.358117
6.520819 0.333060
6.941376 0.305835
7.389056 0.277052
7.865609 0.247380
8.372897 0.217518
8.912903 0.188157
9.487736 0.159950
10.099642 0.133473
10.751013 0.109204
11.444394 0.087490
12.182494 0.068543
12.968197 0.052437
13.804574 0.039112
14.694893 0.028396
15.642632 0.020033
16.651495 0.013708
17.725424 0.009079
18.868616 0.005809
20.085537 0.003582
21.380943 0.002124
22.759895 0.001208
24.227782 0.000657
25.790340 0.000341
27.453674 0.000168
29.224284 0.000079
31.109088 0.000035
33.115452 0.000014
35.251215 0.000006
37.524723 0.000002
39.944860 0.000001
42.521082 0.000000
45.263456 0.000000
48.182698 0.000000
51.290215 0.000000
54.598150 0.000000
58.119428 0.000000
61.867809 0.000000
65.857940 0.000000
70.105412 0.000000
74.626823 0.000000
79.439840 0.000000
84.563269 0.000000
90.017131 0.000000
95.822737 0.000000
102.002773 0.000000
108.581387 0.000000
115.584285 0.000000
123.038830 0.000000
130.974153 0.000000
139.421260 0.000000
148.413159 0.000000
157.984985 0.000000
168.174142 0.000000
179.020442 0.000000
190.566268 0.000000
202.856737 0.000000
215.939872 0.000000
229.866798 0.000000
244.691932 0.000000
260.473206 0.000000
277.272285 0.000000
295.154810 0.000000
314.190660 0.000000
334.454217 0.000000
356.024661 0.000000
378.986279 0.000000

0.000045 0.000017
0.000048 0.000019
0.000051 0.000020
0.000055 0.000021
0.000058 0.000022
0.000062 0.000024
0.000066 0.000025
0.000070 0.000027
0.000075 0.000029
0.000080 0.000031
0.000085 0.000033
0.000090 0.000035
0.000096 0.000037
0.000102 0.000039
0.000109 0.000042
0.000116 0.000045
0.000123 0.000047
0.000131 0.000051
0.000140 0.000054
0.000149 0.000057
0.000158 0.000061
0.000169 0.000065
0.000180 0.000069
0.000191 0.000074
0.000203 0.000078
0.000217 0.000083
0.000231 0.000089
0.000245 0.000094
0.000261 0.000101
0.000278 0.000107
0.000296 0.000114
0.000315 0.000121
0.000335 0.000129
0.000357 0.000137
0.000380 0.000146
0.000405 0.000156
0.000431 0.000166
0.000459 0.000176
0.000488 0.000188
0.000520 0.000200
0.000553 0.000213
0.000589 0.000226
0.000627 0.000241
0.000667 0.000257
0.000710 0.000273
0.000756 0.000291
0.000805 0.000309
0.000857 0.000329
0.000912 0.000351
0.000971 0.000373
0.001033 0.000397
0.001100 0.000423
0.001171 0.000450
0.001246 0.000479
0.001327 0.000510
0.001412 0.000543
0.001503 0.000578
0.001600 0.000615
0.001704 0.000655
0.001813 0.000697
0.001930 0.000742
0.002055 0.000789
0.002187 0.000840
0.002329 0.000894
0.002479 0.000952
0.002639 0.001013
0.002809 0.001078
0.002990 0.001147
0.003183 0.001221
0.003388 0.001300
0.003607 0.001383
0.003839 0.001472
0.004087 0.001567
0.004350 0.001667
0.004631 0.001774
0.004930 0.001888
0.005248 0.002009
0.005586 0.002138
0.005946 0.002275
0.006330 0.002421
0.006738 0.002576
0.007173 0.002741
0.007635 0.002916
0.008128 0.003103
0.008652 0.003301
0.009210 0.003512
0.009804 0.003736
0.010436 0.003975
0.011109 0.004228
0.011825 0.004498
0.012588 0.004784
0.013400 0.005089
0.014264 0.005412
0.015184 0.005756
0.016163 0.006121
0.017206 0.006509
0.018316 0.006921
0.019497 0.007359
0.020754 0.007824
0.022093 0.008317
0.023518 0.008841
0.025035 0.009396
0.026649 0.009986
0.028368 0.010612
0.030197 0.011275
0.032145 0.011979
0.034218 0.012725
0.036425 0.013516
0.038774 0.014353
0.041275 0.015240
0.043937 0.016179
0.046771 0.017173
0.049787 0.018225
0.052998 0.019337
0.056416 0.020513
0.060055 0.021755
0.063928 0.023067
0.068051 0.024452
0.072440 0.025913
0.077112 0.027452
0.082085 0.029074
0.087379 0.030782
0.093014 0.032578
0.099013 0.034465
0.105399 0.036447
0.112197 0.038526
0.119433 0.040704
0.127136 0.042984
0.135335 0.045367
0.144064 0.047855
0.153355 0.050448
0.163246 0.053146
0.173774 0.055949
0.184981 0.058855
0.196912 0.061862
0.209611 0.064965
0.223130 0.068160
0.237521 0.071440
0.252840 0.074796
0.269146 0.078219
0.286505 0.081695
0.304983 0.085209
0.324652 0.088744
0.345591 0.092279
0.367879 0.095790
0.391606 0.099249
0.416862 0.102624
0.443747 0.105881
0.472367 0.108977
0.502832 0.111870
0.535261 0.114508
0.569783 0.116837
0.606531 0.118796
0.645649 0.120321
0.687289 0.121341
0.731616 0.121780
0.778801 0.121558
0.829029 0.120592
0.882497 0.118796
0.939413 0.116081
1.000000 0.112358
1.064494 0.107540
1.133148 0.101545
1.206230 0.094294
1.284025 0.085722
1.366838 0.075775
1.454991 0.064416
1.548830 0.051632
1.648721 0.037436
1.755055 0.021875
1.868246 0.005033
1.988737 -0.012961
2.117000 -0.031928
2.253535 -0.051636
2.398875 -0.071792
2.553589 -0.092044
2.718282 -0.111975
2.893596 -0.131109
3.080217 -0.148911
3.278874 -0.164799
3.490343 -0.178154
3.715451 -0.188334
3.955077 -0.194703
4.210157 -0.196647
4.481689 -0.193616
4.770733 -0.185149
5.078419 -0.170918
5.405949 -0.150763
5.754603 -0.124726
6.125743 -0.093090
6.520819 -0.056396
6.941376 -0.015456
7.389056 0.028649
7.865609 0.074591
8.372897 0.120838
8.912903 0.165718
9.487736 0.207503
10.099642 0.244507
10.751013 0.275195
11.444394 0.298298
12.182494 0.312910
12.968197 0.318574
13.804574 0.315331
14.694893 0.303729
15.642632 0.284790
16.651495 0.259930
17.725424 0.230843
18.868616 0.199355
20.085537 0.167267
21.380943 0.136206
22.759895 0.107508
24.227782 0.082135
25.790340 0.060639
27.453674 0.043187
29.224284 0.029614
31.109088 0.019510
33.115452 0.012321
35.251215 0.007441
37.524723 0.004286
39.944860 0.002348
42.521082 0.001219
45.263456 0.000599
48.182698 0.000277
51.290215 0.000120
54.598150 0.000049
58.119428 0.000018
61.867809 0.000006
65.857940 0.000002
70.105412 0.000001
74.626823 0.000000
79.439840 0.000000
84.563269 0.000000
90.017131 0.000000
95.822737 0.000000
102.002773 0.000000
108.581387 0.000000
115.584285 0.000000
123.038830 0.000000
130.974153 0.000000
139.421260 0.000000
148.413159 0.000000
157.984985 0.000000
168.174142 0.000000
179.020442 0.000000
190.566268 0.000000
202.856737 0.000000
215.939872 0.000000
229.866798 0.000000
244.691932 0.000000
260.473206 0.000000
277.272285 0.000000
295.154810 0.000000
314.190660 0.000000
334.454217 0.000000
356.024661 0.000000
378.986279 0.000000

0.000045 0.000000
0.000048 0.000000
0.000051 0.000000
0.000055 0.000000
0.000058 0.000000
0.000062 0.000000
0.000066 0.000000
0.000070 0.000000
0.000075 0.000000
0.000080 0.000000
0.000085 0.000000
0.000090 0.000000
0.000096 0.000000
0.000102 0.000000
0.000109 0.000000
0.000116 0.000000
0.000123 0.000000
0.000131 0.000000
0.000140 0.000000
0.000149 0.000000
0.000158 0.000000
0.000169 0.000000
0.000180 0.000000
0.000191 0.000000
0.000203 0.000000
0.000217 0.000000
0.000231 0.000000
0.000245 0.000000
0.000261 0.000000
0.000278 0.000000
0.000296 0.000000
0.000315 0.000000
0.000335 0.000000
0.000357 0.000000
0.000380 0.000000
0.000405 0.000000
0.000431 0.000000
0.000459 0.000000
0.000488 0.000000
0.000520 0.000000
0.000553 0.000000
0.000589 0.000000
0.000627 0.000000
0.000667 0.000000
0.000710 0.000000
0.000756 0.000000
0.000805 0.000000
0.000857 0.000000
0.000912 0.000000
0.000971 0.000000
0.001033 0.000000
0.001100 0.000000
0.001171 0.000000
0.001246 0.000000
0.001327 0.000000
0.001412 0.000000
0.001503 0.000000
0.001600 0.000000
0.001704 0.000000
0.001813 0.000000
0.001930 0.000000
0.002055 0.000001
0.002187 0.000001
0.002329 0.000001
0.002479 0.000001
0.002639 0.000001
0.002809 0.000001
0.002990 0.000001
0.003183 0.000001
0.003388 0.000001
0.003607 0.000002
0.003839 0.000002
0.004087 0.000002
0.004350 0.000002
0.004631 0.000003
0.004930 0.000003
0.005248 0.000003
0.005586 0.000004
0.005946 0.000004
0.006330 0.000005
0.006738 0.000005
0.007173 0.000006
0.007635 0.000007
0.008128 0.000008
0.008652 0.000009
0.009210 0.000010
0.009804 0.000012
0.010436 0.000013
0.011109 0.000015
0.011825 0.000017
0.012588 0.000019
0.013400 0.000022
0.014264 0.000024
0.015184 0.000028
0.016163 0.000031
0.017206 0.000036
0.018316 0.000040
0.019497 0.000046
0.020754 0.000052
0.022093 0.000058
0.023518 0.000066
0.025035 0.000075
0.026649 0.000085
0.028368 0.000096
0.030197 0.000109
0.032145 0.000123
0.034218 0.000139
0.036425 0.000158
0.038774 0.000178
0.041275 0.000202
0.043937 0.000228
0.046771 0.000258
0.049787 0.000292
0.052998 0.000331
0.056416 0.000374
0.060055 0.000423
0.063928 0.000479
0.068051 0.000541
0.072440 0.000612
0.077112 0.000692
0.082085 0.000782
0.087379 0.000884
0.093014 0.000999
0.099013 0.001128
0.105399 0.001275
0.112197 0.001439
0.119433 0.001625
0.127136 0.001834
0.135335 0.002070
0.144064 0.002335
0.153355 0.002634
0.163246 0.002970
0.173774 0.003347
0.184981 0.003772
0.196912 0.004248
0.209611 0.004783
0.223130 0.005383
0.237521 0.006055
0.252840 0.006808
0.269146 0.007651
0.286505 0.008594
0.304983 0.009647
0.324652 0.010822
0.345591 0.012133
0.367879 0.013593
0.391606 0.015217
0.416862 0.017022
0.443747 0.019024
0.472367 0.021243
0.502832 0.023697
0.535261 0.026406
0.569783 0.029393
0.606531 0.032679
0.645649 0.036285
0.687289 0.040234
0.731616 0.044548
0.778801 0.049246
0.829029 0.054349
0.882497 0.059872
0.939413 0.065829
1.000000 0.072227
1.064494 0.079070
1.133148 0.086353
1.206230 0.094061
1.284025 0.102172
1.366838 0.110646
1.454991 0.119431
1.548830 0.128458
1.648721 0.137635
1.755055 0.146851
1.868246 0.155970
1.988737 0.164828
2.117000 0.173235
2.253535 0.180972
2.398875 0.187791
2.553589 0.193416
2.718282 0.197548
2.893596 0.199865
3.080217 0.200033
3.278874 0.197709
3.490343 0.192560
3.715451 0.184269
3.955077 0.172555
4.210157 0.157190
4.481689 0.138023
4.770733 0.114995
5.078419 0.088169
5.405949 0.057741
5.754603 0.024063
6.125743 -0.012344
6.520819 -0.050791
6.941376 -0.090423
7.389056 -0.130231
7.865609 -0.169090
8.372897 -0.205791
8.912903 -0.239105
9.487736 -0.267842
10.099642 -0.290928
10.751013 -0.307481
11.444394 -0.316878
12.182494 -0.318818
12.968197 -0.313361
13.804574 -0.300942
14.694893 -0.282356
15.642632 -0.258711
16.651495 -0.231348
17.725424 -0.201744
18.868616 -0.171393
20.085537 -0.141693
21.380943 -0.113844
22.759895 -0.088768
24.227782 -0.067067
25.790340 -0.049012
27.453674 -0.034582
29.224284 -0.023510
31.109088 -0.015366
33.115452 -0.009634
35.251215 -0.005779
37.524723 -0.003308
39.944860 -0.001801
42.521082 -0.000931
45.263456 -0.000455
48.182698 -0.000209
51.290215 -0.000090
54.598150 -0.000037
58.119428 -0.000014
61.867809 -0.000005
65.857940 -0.000002
70.105412 0.000000
74.626823 0.000000
79.439840 0.000000
84.563269 0.000000
90.017131 0.000000
95.822737 0.000000
102.002773 0.000000
108.581387 0.000000
115.584285 0.000000
123.038830 0.000000
130.974153 0.000000
139.421260 0.000000
148.413159 0.000000
157.984985 0.000000
168.174142 0.000000
179.020442 0.000000
190.566268 0.000000
202.856737 0.000000
215.939872 0.000000
229.866798 0.000000
244.691932 0.000000
260.473206 0.000000
277.272285 0.000000
295.154810 0.000000
314.190660 0.000000
334.454217 0.000000
356.024661 0.000000
378.986279 0.000000

0.000045 0.000000
0.000048 0.000000
0.000051 0.000000
0.000055 0.000000
0.000058 0.000000
0.000062 0.000000
0.000066 0.000000
0.000070 0.000000
0.000075 0.000000
0.000080 0.000000
0.000085 0.000000
0.000090 0.000000
0.000096 0.000000
0.000102 0.000000
0.000109 0.000000
0.000116 0.000000
0.000123 0.000000
0.000131 0.000000
0.000140 0.000000
0.000149 0.000000
0.000158 0.000000
0.000169 0.000000
0.000180 0.000000
0.000191 0.000000
0.000203 0.000000
0.000217 0.000000
0.000231 0.000000
0.000245 0.000000
0.000261 0.000000
0.000278 0.000000
0.000296 0.000000
0.000315 0.000000
0.000335 0.000000
0.000357 0.000000
0.000380 0.000000
0.000405 0.000000
0.000431 0.000000
0.000459 0.000000
0.000488 0.000000
0.000520 0.000000
0.000553 0.000000
0.000589 0.000000
0.000627 0.000000
0.000667 0.000000
0.000710 0.000000
0.000756 0.000000
0.000805 0.000000
0.000857 0.000000
0.000912 0.000000
0.000971 0.000000
0.001033 0.000000
0.001100 0.000000
0.001171 0.000000
0.001246 0.000000
0.001327 0.000000
0.001412 0.000000
0.001503 0.000000
0.001600 0.000000
0.001704 0.000000
0.001813 0.000000
0.001930 0.000000
0.002055 0.000000
0.002187 0.000000
0.002329 0.000000
0.002479 0.000000
0.002639 0.000000
0.002809 0.000000
0.002990 0.000000
0.003183 0.000000
0.003388 0.000000
0.003607 0.000000
0.003839 0.000000
0.004087 0.000000
0.004350 0.000000
0.004631 0.000000
0.004930 0.000000
0.005248 0.000000
0.005586 0.000000
0.005946 0.000000
0.006330 0.000000
0.006738 0.000000
0.007173 0.000000
0.007635 0.000000
0.008128 0.000000
0.008652 0.000000
0.009210 0.000000
0.009804 0.000000
0.010436 0.000000
0.011109 0.000000
0.011825 0.000000
0.012588 0.000000
0.013400 0.000000
0.014264 0.000000
0.015184 0.000000
0.016163 0.000000
0.017206 0.000000
0.018316 0.000000
0.019497 0.000000
0.020754 0.000000
0.022093 0.000000
0.023518 0.000000
0.025035 0.000000
0.026649 0.000000
0.028368 0.000000
0.030197 0.000000
0.032145 0.000000
0.034218 0.000000
0.036425 0.000000
0.038774 0.000001
0.041275 0.000001
0.043937 0.000001
0.046771 0.000001
0.049787 0.000001
0.052998 0.000001
0.056416 0.000002
0.060055 0.000002
0.063928 0.000002
0.068051 0.000003
0.072440 0.000003
0.077112 0.000004
0.082085 0.000005
0.087379 0.000006
0.093014 0.000007
0.099013 0.000008
0.105399 0.000010
0.112197 0.000012
0.119433 0.000015
0.127136 0.000018
0.135335 0.000021
0.144064 0.000026
0.153355 0.000031
0.163246 0.000037
0.173774 0.000045
0.184981 0.000054
0.196912 0.000064
0.209611 0.000077
0.223130 0.000093
0.237521 0.000112
0.252840 0.000134
0.269146 0.000161
0.286505 0.000193
0.304983 0.000231
0.324652 0.000277
0.345591 0.000332
0.367879 0.000397
0.391606 0.000475
0.416862 0.000568
0.443747 0.000679
0.472367 0.000812
0.502832 0.000969
0.535261 0.001157
0.569783 0.001379
0.606531 0.001643
0.645649 0.001957
0.687289 0.002328
0.731616 0.002767
0.778801 0.003285
0.829029 0.003897
0.882497 0.004617
0.939413 0.005465
1.000000 0.006460
1.064494 0.007627
1.133148 0.008992
1.206230 0.010585
1.284025 0.012441
1.366838 0.014598
1.454991 0.017099
1.548830 0.019990
1.648721 0.023323
1.755055 0.027153
1.868246 0.031540
1.988737 0.036546
2.117000 0.042238
2.253535 0.048682
2.398875 0.055945
2.553589 0.064091
2.718282 0.073179
2.893596 0.083260
3.080217 0.094373
3.278874 0.106542
3.490343 0.119767
3.715451 0.134023
3.955077 0.149252
4.210157 0.165358
4.481689 0.182199
4.770733 0.199587
5.078419 0.217281
5.405949 0.234983
5.754603 0.252345
6.125743 0.268965
6.520819 0.284403
6.941376 0.298183
7.389056 0.309816
7.865609 0.318821
8.372897 0.324743
8.912903 0.327188
9.487736 0.325846
10.099642 0.320524
10.751013 0.311168
11.444394 0.297885
12.182494 0.280950
12.968197 0.260806
13.804574 0.238051
14.694893 0.213409
15.642632 0.187691
16.651495 0.161742
17.725424 0.136390
18.868616 0.112387
20.085537 0.090360
21.380943 0.070774
22.759895 0.053911
24.227782 0.039866
25.790340 0.028565
27.453674 0.019791
29.224284 0.013230
31.109088 0.008514
33.115452 0.005262
35.251215 0.003114
37.524723 0.001761
39.944860 0.000948
42.521082 0.000485
45.263456 0.000234
48.182698 0.000107
51.290215 0.000046
54.598150 0.000018
58.119428 0.000007
61.867809 0.000002
65.857940 0.000001
70.105412 0.000000
74.626823 0.000000
79.439840 0.000000
84.563269 0.000000
90.017131 0.000000
95.822737 0.000000
102.002773 0.000000
108.581387 0.000000
115.584285 0.000000
123.038830 0.000000
130.974153 0.000000
139.421260 0.000000
148.413159 0.000000
157.984985 0.000000
168.174142 0.000000
179.020442 0.000000
190.566268 0.000000
202.856737 0.000000
215.939872 0.000000
229.866798 0.000000
244.691932 0.000000
260.473206 0.000000
277.272285 0.000000
295.154810 0.000000
314.190660 0.000000
334.454217 0.000000
356.024661 0.000000
378.986279 0.000000

